ReviewDate,NumberOfReviews
 03-05-2015,4
 12-31-2015,1
 03-02-2015,6
 03-08-2015,2
 03-19-2015,1
 10-29-2014,1
 03-02-2016,1
 03-04-2015,12
 03-06-2015,3
 12-12-2015,1
 03-09-2015,3
 01-27-2016,1
 12-01-2015,1
 03-24-2015,2
 03-03-2015,4
 03-07-2015,5
 02-23-2016,1
 04-16-2015,1
 03-21-2015,1
