 08-14-2015	24
 09-11-2015	1
 09-15-2015	1
 02-19-2015	11
 11-27-2015	1
 09-09-2015	1
 02-22-2016	2
 06-13-2015	1
 09-17-2015	1
 02-20-2015	5
 02-18-2015	20
 09-29-2015	1
 06-09-2015	1
